0.784626,1.47411,1.16453,0.956286,1.97716,0.428283,0.881132,0.555,1.7775,0.15872
0.495414,1.94806,0.877381,1.05164,2.20973,0.665571,0.741349,0.505408,1.79872,0.82858
0.405673,1.86141,1.12844,0.80937,2.25005,1.1791,0.920056,0.492651,1.43915,0.846673
0.637874,2.19488,1.1143,1.04113,1.9525,0.992243,0.890115,0.574425,2.51771,0.757961
0.603491,1.79574,1.01307,1.1647,1.96181,1.34323,1.05124,0.705004,2.09511,1.21028
0.506613,2.68916,1.39692,1.19694,1.84367,1.71576,1.32234,0.65443,1.79395,1.06768
0.452492,2.36841,1.18055,1.10455,1.91773,1.38439,1.30644,0.684114,1.82469,1.27803
0.476843,2.13,1.24945,1.10444,1.83287,1.329,0.952186,0.763239,1.7743,0.445713
0.741342,2.51125,1.86725,1.20943,2.00417,1.42332,1.21356,0.832561,1.80693,0.925311
0.584766,2.26602,1.17,1.10385,1.8988,1.79258,1.39596,0.632439,1.4037,0.918394
0.610366,1.86905,1.29548,1.01517,2.01068,2.88248,1.27052,0.774699,1.5613,1.15853
0.622122,2.4707,1.07092,1.36661,1.94513,6.04979,1.77609,1.15111,1.99717,0.986062
0.799462,1.87908,1.33899,1.73547,2.78992,4.12241,3.12275,1.06512,4.49262,1.06865
0.64182,2.47831,1.27559,1.7773,2.74745,3.78321,2.87196,0.853741,3.22525,1.65297
0.470414,1.66986,1.41885,1.20515,1.96998,1.93178,1.99184,0.952076,2.83481,1.30183
0.737876,2.829,1.18346,1.39918,2.05459,2.71071,2.82653,1.0298,2.90264,2.02289
1.10352,2.04232,1.90187,2.14774,3.14543,3.78946,4.06207,1.18968,2.8681,1.65482
1.4025,3.02712,2.39285,2.80572,3.39177,3.73257,4.28484,1.79776,3.12883,0.84282
1.86114,3.2408,3.19039,3.1043,3.53829,3.04652,3.41779,1.91071,4.04155,2.38079
1.90304,3.49221,3.70689,3.02452,3.28727,2.78386,2.33329,2.15763,3.44932,2.12606
2.05512,3.23667,3.87634,2.94354,3.48202,1.83982,1.91419,2.27359,4.51978,4.05518
1.7909,2.02839,2.85313,1.95311,2.75519,1.06872,2.11881,2.08572,4.18916,2.44512
1.41537,0.694101,1.87656,1.7322,2.18818,1.84167,1.2765,1.87055,4.38694,2.26898
1.354,1.96195,2.39264,1.26623,1.68422,1.55837,1.15617,1.53212,3.83978,2.33807
0.693242,1.61535,2.00457,1.25336,1.36867,1.23446,1.10357,1.38279,4.51227,3.43133
0.455794,1.29222,1.98846,1.1758,0.87724,0.81984,1.18188,1.28019,2.84845,1.51788
0.527289,1.29973,1.66106,1.0274,0.773904,0.859968,0.930534,1.13187,2.51261,0.538759
0.394418,1.34059,2.07016,1.03359,0.633577,1.11282,0.811463,1.06472,2.05738,0.514544
0.331537,0.908863,1.35365,0.749059,0.489592,1.04208,0.867922,0.673068,1.22555,1.83765
0.249691,0.622013,1.74417,0.904913,0.467051,0.83456,0.913153,0.586445,1.5478,0.941406
0.363239,0.42434,1.24917,0.754299,0.35675,0.625752,0.912472,0.702696,0.950753,0.508934
0.343458,0.531826,1.57344,0.802269,0.358038,0.478399,0.627925,0.117173,0.797161,0.32637
0.199502,1.84902,1.30389,0.42099,0.459533,0.398766,0.878384,0.0819138,0.901108,0.276258
0.12085,1.54603,0.988692,0.795601,0.296985,1.14352,0.453362,0.0236152,0.616252,0.582949
0.110875,2.61157,0.95693,0.476614,0.319755,1.15287,0.87804,0.03584,0.59952,0.642858
0.0463558,1.35671,0.895632,0.394769,0.320656,0.824802,0.681625,0.12085,1.40798,0.433505
0.161722,1.41652,1.18025,0.522053,0.248534,0.701011,0.499815,0,0.444388,0.221932
0.27917,1.09705,0.894659,0.395624,0.130902,0.570228,0.462606,0.0153511,0.802235,0
0.117383,0.649364,0.86973,0.359389,0.218194,1.23987,0.437133,0,0.230792,0.138707
0.149165,0.562317,0.817689,0.248508,0.239393,0.429093,0.481321,0.0717486,0.57391,0
0.151358,1.02957,0.979123,0.308993,0.227056,0.637283,0.527463,0,0.276863,0.120211
0.144815,0.643035,0.564087,0.40826,0.202459,0.885281,0.538224,0,0.701089,0.142264
0.160462,0.793931,0.633488,0.435942,0.290327,0.690106,0.379319,0.0168501,0.240573,1.20411
0.171811,0.557352,0.699507,0.245578,0.326378,0.231272,0.510645,0.0489036,0.312734,0.18045
0.185562,0.538247,0.842351,0.375087,0.463089,0.966665,0.502696,0,0.592004,0
0.146248,0.597597,0.788952,0.313546,0.199811,1.14384,0.316774,0.0145057,0.716113,0
0.101355,0.999138,0.684437,0.32003,0.212267,1.16402,0.342981,0,0.866732,0
0.55868,0.777429,0.678734,0.365021,0.259343,0.852459,0.385836,0.0266195,0.589032,0
0.422584,0.766466,0.858699,0.435205,0.233277,1.15013,0.378982,0.0163012,1.78711,0
0.067716,0.913999,0.900574,0.260845,0.153541,0.956938,0.682089,0.0349352,1.1343,0.257201
0.0694394,0.930911,1.17721,0.227483,0.209454,0.842105,0.785612,0.0123873,1.30243,0.797323
0.593852,0.974529,0.856703,0.329456,0.287248,1.34844,0.675274,0.0165164,1.42198,0.989365
0.572031,1.03418,1.56616,0.824504,0.805571,1.34451,0.924914,0.529924,0.508992,0.757248
0.449279,1.35449,1.11635,0.908076,0.951779,1.76666,1.48504,0.814403,0.649097,0.529792
0.613789,1.14211,1.11527,0.985917,1.03856,2.12372,0.915428,1.13659,1.94315,0.867141
0.66117,1.11565,0.959913,0.908303,1.05109,3.28583,1.18514,0.670376,1.38552,1.37377
0.760914,1.31397,1.47046,1.21947,1.03943,6.14127,1.3469,1.20225,0.813028,2.31319
0.877168,1.28674,2.52965,1.4097,1.18561,9.32217,1.17975,1.18921,1.71093,2.00588
0.944299,1.72051,2.46443,1.64445,1.70875,9.29094,1.63482,3.32913,1.56303,3.28097
1.35565,1.87601,4.62755,1.92739,2.39966,10.4211,1.87756,5.56098,3.21096,6.16093
1.81206,2.09556,4.31327,2.75599,3.3634,8.57337,5.00743,6.75308,5.89694,8.82763
2.36008,2.81685,5.40331,4.05377,4.75101,8.65077,5.76101,6.20963,7.10801,7.39167
5.2467,4.29925,7.01602,6.14473,8.08624,8.84931,11.4489,5.25473,9.11036,7.35509
6.41499,6.21171,7.24151,6.8567,9.48061,8.46451,9.57363,4.04562,6.97791,5.88685
6.65924,6.43104,6.64877,7.13597,9.84777,8.65342,8.37237,3.91721,8.07792,3.9548
4.92807,3.72723,5.45167,4.76727,5.99576,5.79973,4.31498,2.42842,6.28953,2.76839
3.13999,2.45851,3.20181,2.62645,2.98286,3.67382,1.7797,2.82541,3.04821,2.1223
1.89527,1.83111,2.78933,1.81034,2.05001,3.28452,1.11556,1.54718,2.13382,0.985687
1.42111,1.60187,2.32408,1.73278,1.91208,2.46697,1.25741,1.69077,1.97594,1.51538
0.863052,1.73213,2.11519,1.60171,1.5656,2.68056,1.26188,1.28665,1.75099,2.35559
0.641845,1.24145,1.90126,1.23688,1.47046,1.92052,0.934263,1.23486,1.71555,1.3712
0.559536,1.4985,1.97339,1.0283,1.3532,1.74718,1.08572,1.18468,1.52117,1.25851
0.546139,1.80206,1.76226,1.11218,1.04478,1.7142,1.03875,1.06933,1.38043,0.988543
0.449425,1.57332,1.61976,0.789956,1.06107,1.13431,0.972075,0.621298,1.24487,0.702316
0.406701,1.1786,1.56244,0.8454,0.872608,1.16216,0.915826,0.948114,0.939925,0.900384
0.468584,1.2589,1.71442,0.770277,0.892152,0.996326,1.06483,0.80809,1.19579,0.893651
0.37033,1.25673,1.90129,0.807375,0.824277,1.06778,0.556152,0.836658,1.52028,0.547257
0.36455,1.36882,1.57737,0.550396,0.823004,0.653765,0.805933,0.815388,0.918295,0.350377
0.375643,1.58869,1.84872,0.43272,0.536556,0.517855,0.335608,0.426135,0.726706,0.398856
0.234204,1.40574,1.21736,0.501113,0.597029,0.562031,0.524915,0.452239,0.524278,0.234891
0.22988,1.10054,1.3983,0.492151,0.572539,0.500527,0.638484,0.491298,0.671892,0.585967
0.278676,1.32901,1.29532,0.470063,0.579108,0.453672,0.382994,0.434123,0.482395,0.272521
0.196463,1.03043,1.28386,0.383164,0.505671,0.530175,0.532092,0.0994963,0.390243,0.470393
0.194602,0.915022,1.25861,0.41767,0.529579,0.612581,1.01384,0.113613,0.337468,0.505705
0.255417,1.02576,1.19522,0.482204,0.510717,0.34441,0.740349,0.186325,0.448826,0.491739
0.270334,1.29285,1.44669,0.487193,0.563981,0.509801,0.678538,0.0288518,0.629095,0.220064
0.135079,1.45695,0.888997,0.542402,0.556892,0.339279,0.66939,0.735599,0.552007,0.246313
0.126672,1.46886,0.875045,0.479927,0.596609,0.464519,0.354072,0.666265,1.50482,1.30827
0.110055,1.44196,0.904297,0.325212,0.762225,0.716928,1.76119,0.159559,1.26822,0.807233
0.0692425,0.795968,0.874516,0.342541,0.564739,0.581773,0.417773,0.170992,1.16181,0.144462
0.106835,0.899794,1.01288,0.298369,0.477747,0.380973,0.62895,0.435989,0.535967,0.109459
0.0932211,0.188876,0.847665,0.29728,0.462448,0.325283,0.56889,0.195379,0.207412,0.0602361
0.0819327,0.999731,0.760145,0.304258,0.483833,1.56483,0.302738,0.159836,0.349698,0
0.0815108,1.26994,1.51199,0.354416,0.45357,0.833333,0.58197,0.121703,0.318017,0.191816
0.0464309,1.27904,0.124701,0.289611,0.433275,1.3324,0.476719,0.391303,0.309429,0.0868535
0.0658769,1.94475,0.908101,0.287891,0.472398,1.2037,0.535741,0.362315,0.24765,0
0.0848927,0.873477,1.63879,0.328021,0.177492,0.657895,0.733046,0.436812,0.553206,0.291711
0.126277,1.00005,1.48412,0.359388,0.475732,0.569569,0.596889,0.320175,0.202641,0.175616
0.237789,0.736806,1.05807,0.425896,0.484001,1.55678,0.631177,0.396741,0.173757,0.538239
0.119375,0.719835,1.32582,0.377195,0.679125,1.16279,0.608394,2.26236,0.439135,0.263499
0.142689,0.764126,1.62457,0.462828,0.514562,1.10236,0.620255,0.144721,0.426463,0.137896
0.196144,1.50029,1.28408,0.452985,0.561086,1.02471,0.708192,0.214964,0.305264,0.14261
0.161301,1.14123,1.69872,0.378551,0.579312,1.11977,0.635209,0.265756,0.814376,0
0.16898,1.05788,1.41577,0.418699,0.585122,1.30536,0.737939,0.224286,0.574724,0.319621
0.210513,0.763179,1.30398,0.530395,0.556881,0.96559,1.20015,0.392388,1.12986,0.252389
0.339496,1.62976,1.41315,0.777792,0.819211,1.20625,0.64822,0.498555,0.981707,0.971863
0.558476,0.971339,2.27248,0.9384,1.01796,0.920725,0.598033,0.620348,0.722832,1.23605
0.417946,0.885764,2.14342,0.98158,0.996033,2.18945,0.732682,0.918605,0.877222,1.00797
0.501124,1.38214,2.60771,0.929629,1.03063,1.11719,0.731541,0.917742,1.81397,1.40663
0.524173,1.17875,2.51302,1.02733,1.11131,1.26379,0.921941,1.03378,1.43847,1.36887
0.656801,1.27729,2.66382,1.12435,1.16083,1.44294,0.949684,1.25321,1.74833,1.14883
0.476583,1.5442,2.33023,1.12425,1.21989,1.51,0.948548,0.797276,1.88201,0.93943
0.553285,1.88415,2.65024,1.48851,1.46288,1.67479,1.12399,0.992515,2.13557,3.02693
0.825792,1.59907,2.67128,1.35043,1.23246,2.37691,0.784744,0.891159,1.67567,0.868749
0.942095,2.33203,3.14092,1.31528,1.18572,1.59531,0.896698,0.866353,1.90763,1.78688
1.02618,2.57742,3.04872,1.43953,1.28483,1.97132,1.09831,1.04047,2.19674,1.54832
1.86161,4.3413,3.38549,1.62249,1.58559,2.50622,1.64857,1.14652,3.10427,1.58349
2.26991,3.81708,4.00012,1.7317,2.11493,2.35798,1.65821,1.60428,4.68552,1.85851
2.12314,3.55393,3.79748,1.40349,2.06526,2.35274,1.4251,1.69255,3.1339,1.83888
1.78665,3.50155,3.7764,1.30309,2.24314,2.36786,1.46992,1.80913,4.0137,2.09398
2.12901,2.9092,3.91805,1.7403,2.70875,3.25644,2.21449,2.03856,3.9676,3.03713
1.95154,3.52483,5.28633,2.54727,3.38852,4.34684,3.01225,2.56241,4.31631,2.96027
2.13153,3.69145,6.5011,3.22981,4.69985,7.8231,4.06364,2.91392,4.68924,2.98973
2.43037,3.98694,6.31986,4.1729,5.59685,8.21776,4.88903,3.32165,4.6249,3.51863
1.88066,3.42953,9.17571,4.19555,6.0953,8.64111,4.15766,3.61471,4.99675,3.61638
1.51917,3.51267,5.53297,3.91771,5.1717,6.48391,3.32575,2.89407,4.30353,4.65785
1.19108,3.88813,4.06253,3.54207,4.2934,4.89043,2.63042,2.61789,3.19733,3.45376
0.898683,3.24231,4.27602,3.48387,3.71174,4.25111,1.77703,1.93502,3.24761,2.4197
1.02891,2.24326,4.05541,2.97299,3.03463,3.24371,1.56868,1.77274,2.72693,1.64504
0.739875,2.80295,3.42324,2.6184,2.51306,2.40067,1.25397,1.57747,2.7938,1.61361
0.712584,2.07952,2.72165,1.73993,2.08348,2.25717,0.795924,1.34092,2.66736,1.11655
0.566726,1.46681,2.02353,1.31331,1.35728,1.8331,0.580305,1.09757,2.46415,0.739107
0.423807,1.64577,1.83185,1.23082,1.2206,1.50551,0.206194,1.15109,2.88381,0.665726
0.367165,1.28974,1.86822,1.23851,1.13828,1.64094,0.236121,0.669192,1.45675,0.425606
0.352148,1.36724,1.60361,1.19705,0.828352,1.39832,0.0820003,0.606828,2.1687,0.422565
0.288108,1.01555,1.96821,0.954207,0.752673,1.28164,0.407487,0.620187,2.12538,0.574367
0.256113,1.21198,1.92317,1.00099,0.732555,1.65509,0.143621,0.66209,2.26311,1.00402
0.282222,0.806499,1.59617,0.970332,0.662591,1.37833,0.114008,0.354096,2.65536,0.646008
0.339427,0.662984,1.14322,0.800164,0.731882,1.46609,0.0607219,0.325896,2.4033,0.949289
0.330023,1.10628,1.33117,0.920133,0.904002,1.94826,0.170988,0.404883,2.16708,1.41511
0.37006,1.28855,1.2606,0.910858,0.587867,1.7042,0,0.43201,2.27339,0.902436
0.276483,0.906123,0.997201,0.822586,0.638714,1.44527,0,0.444342,2.21427,0.142988
0.863142,0.921276,1.02984,0.750649,0.642342,1.2712,0,0.303535,1.89371,0.306
0.293913,0.867397,0.97616,0.712567,0.619755,1.20018,0.0910264,0.0282782,1.86273,0.395106
0.305547,0.452558,1.09268,0.636254,0.769376,1.03866,0.0548344,0.0829675,1.45189,0.476645
0.286238,0.826061,1.08845,0.502893,0.592073,1.16575,0,0.0546641,1.28397,0.450975
0.302662,0.89672,1.19157,0.338318,0.68887,1.00399,0.105212,0.0824578,1.7922,0.368113
0.236814,0.696963,1.14238,0.382871,0.587369,1.19935,0.0587308,0.149934,1.4145,0.286799
0.252493,0.741586,1.12581,0.52535,0.618755,1.00086,0.0315672,0.0625213,1.62093,0.17918
0.59217,0.896434,1.26514,0.473669,0.608839,0.863881,0,0.0406179,0.843296,0.264396
1.68787,0.500686,0.900885,0.506825,0.571434,0.738157,0.0514895,0.0656417,1.3999,0.353515
0.531262,0.137526,1.00629,0.485321,0.60721,1.49715,0.0746869,0.0647695,1.06649,0.234334
0.162052,0.616614,1.24529,0.571933,0.577878,2.37433,0.118108,0.204354,1.26284,0.56972
0.399874,0.942212,1.29159,0.584653,0.538223,1.557,0.0678633,0.0827912,1.65604,0.56947
0.339013,0.769181,1.6139,0.494717,0.557414,1.84925,0.124543,0.0982358,1.27232,0.375187
0.523094,1.14828,1.70011,0.542233,0.64066,1.97864,0.485456,0.154127,1.47236,0.719575
0.307704,1.11428,1.64944,0.822824,0.64811,1.64599,0.126372,0.457547,1.18766,0.712668
0.641896,1.7945,2.06209,0.584093,0.979262,0.878791,0.35665,1.45582,1.78287,1.22838
0.569113,2.07319,1.85745,0.821645,1.17839,1.16807,0.196875,0.542404,1.59195,0.989542
0.713138,2.34293,1.73866,0.863118,1.3147,1.22296,0.213046,0.999965,1.64786,1.06076
0.797598,2.45528,2.02414,0.936815,1.33836,1.21402,0.332045,0.758282,1.51979,0.949562
0.704781,2.66725,2.55009,0.974573,1.43755,1.4868,0.279905,0.70458,2.26971,1.19521
0.885654,2.15051,2.27175,1.0745,1.34878,1.85034,0.308059,0.919561,1.71353,0.794013
0.905434,1.91416,2.16285,1.15901,1.44347,1.97266,0.359639,1.00115,2.48289,0.806907
1.01245,1.82465,2.3137,1.30186,1.72335,2.02691,0.585169,0.931403,3.23996,0.774803
0.835424,2.67115,2.36205,1.05799,1.60129,1.94761,0.587815,0.925362,2.78473,1.21331
1.09397,2.45659,2.18686,1.4307,1.35315,2.34115,0.350408,0.939631,3.69371,0.969897
0.995161,2.34526,2.21334,1.4822,1.48577,3.10523,0.386244,1.75227,5.29139,1.57161
0.949622,2.63895,2.45602,1.6091,1.89128,4.7602,0.734862,2.72766,7.41654,2.44196
1.34843,2.65204,3.628,2.00528,2.38892,5.99246,1.02388,2.80122,5.54295,2.50441
1.1264,2.03323,3.51003,1.82385,2.13342,5.06608,0.76612,1.86535,3.36911,2.40915
0.988789,2.19482,3.74162,1.58275,1.869,4.30729,1.06525,1.3588,2.04414,1.9761
0.99763,2.12789,3.66091,1.7222,1.86861,5.72341,1.40181,1.29458,1.92172,1.52117
1.22025,1.71696,3.53155,1.96753,2.06379,4.68854,1.92617,1.23921,2.37933,1.46682
1.54337,2.39529,2.73834,2.43534,2.12838,4.66312,2.1836,1.47217,2.20557,1.83032
1.67782,2.74465,3.7634,2.8106,2.42256,4.11305,2.48312,1.3951,1.73364,1.48979
2.11487,2.31608,3.90635,3.70953,2.72994,5.67923,2.36201,1.44956,2.28479,1.29383
2.1179,1.96094,4.52405,3.58811,3.06057,5.44283,2.58996,1.83983,1.73424,1.91435
2.22036,2.90233,4.27517,3.12122,3.27527,5.89019,2.08165,1.85287,1.48235,1.80536
2.25545,1.6056,6.25155,2.45896,3.44252,4.78492,1.53726,1.68746,2.24691,2.50726
2.00757,1.40432,5.2481,2.08766,3.07866,3.39459,1.13706,1.70361,2.44027,1.97489
1.7712,1.67743,4.24882,1.42455,2.59888,3.45402,1.23055,1.79455,2.81507,1.95414
1.54477,1.59813,4.21689,1.44835,2.73214,2.95335,0.947294,1.44283,2.56398,2.09137
1.47691,1.08944,2.51276,1.15752,1.7794,3.26771,0.527807,1.18745,2.33475,2.455
1.47145,1.35127,2.19476,0.809685,1.2596,2.29651,0.394165,0.917696,1.80795,1.50592
1.09617,1.50023,1.76066,0.742523,1.00907,2.28708,0.216154,0.548199,1.20457,3.2253
0.663809,1.47956,1.22325,0.758628,0.912241,1.96026,0.248481,0.579861,1.12029,2.48542
0.556419,1.36059,1.43987,0.721676,0.870772,1.49393,0.30485,0.570715,1.15062,2.19533
0.555115,1.19469,1.67623,0.773203,0.796405,1.82137,0.457317,0.251139,0.976429,1.16707
0.305411,0.951985,1.49125,0.761435,0.75964,2.1986,0.278904,0.480526,0.960785,1.23553
0.332538,1.22628,1.35608,0.641615,0.693704,1.65683,0.381481,0.267831,0.9439,0.863458
0.400552,1.15008,1.33666,0.702194,0.617758,2.62348,0.481864,0.17089,0.419285,1.13273
0.216022,0.438917,1.1192,0.65231,0.582768,2.10106,0.358687,0.875176,0.951546,1.1525
0.262875,0.987102,0.967472,0.607134,0.586273,1.45963,0.261155,0.264229,0.881633,1.02877
0.266647,0.887205,0.831022,0.49533,0.576081,1.39325,0.328518,0.318362,0.764563,1.03793
0.316539,0.303697,0.965491,0.429049,0.559139,1.4752,0.431782,0.151141,1.17716,0.606079
0.319046,0.770376,0.901009,0.405002,0.554649,1.68021,0.410144,0.353422,1.09269,0.809515
0.199702,0.704248,0.998054,0.499027,0.530915,1.3605,0.370004,1.36012,1.06301,0.683021
0.208761,0.248823,0.743892,0.487001,0.52203,1.18289,0.39005,1.69503,0.742706,0.950367
0.265558,0.254883,0.83233,0.465843,0.437213,1.1807,0.50481,1.39706,0.760282,0.623408
0.192714,0.294659,0.794438,0.399483,0.512717,1.26798,0.53303,2.06666,0.587025,0.52586
0.276121,0.509801,0.853636,0.363558,0.469947,1.461,0.389883,1.55577,0.829583,0.840352
0.190975,0.231723,0.712359,0.391607,0.557644,1.66641,0.325189,1.4965,0.4999,0.78513
0.185585,0.214516,0.853727,0.42031,0.501459,1.45148,0.342996,0.826035,0.623885,0.825166
0.223346,0.210855,1.05194,0.385663,0.552813,1.86538,0.405469,0.364606,0.376316,0.819876
0.14826,0.22569,1.17763,0.551586,0.678718,2.05942,0.520679,0.267931,0.870139,1.04471
0.272287,0.401737,1.04924,0.468642,0.679169,1.65387,0.308553,0.163323,1.01549,0.866707
0.124478,0.335445,1.13099,0.522436,0.733594,1.77529,0.327561,0.218011,1.19299,1.09592
0.391884,0.409044,0.860513,0.467279,0.558629,1.72223,0.478633,0.30966,1.22648,1.50605
0.402107,0.666153,2.30117,0.874174,1.05294,1.29969,0.413715,2.09462,1.3195,1.17248
0.371549,0.684899,1.99896,0.927592,1.12725,1.6574,0.405594,0.651354,1.42022,0.990866
0.553866,0.821216,2.10183,0.96637,1.19444,1.98234,0.57966,0.474206,1.38602,0.814375
0.507175,0.832293,2.06916,0.985017,1.22763,2.04055,0.60232,0.378489,1.2384,0.888848
0.680851,0.716796,2.00804,1.20553,1.17773,2.36278,0.670511,0.254771,1.51518,1.00129
0.531849,0.910751,1.77216,1.36565,1.29569,3.13319,0.624248,0.827005,1.46804,1.15597
0.598564,0.952837,2.12607,1.47086,1.37962,3.36411,0.765374,0.421794,1.33279,0.686028
0.771447,1.9852,2.56081,1.92834,1.43958,3.728,0.742449,0.53915,1.71623,1.32557
0.691579,2.21485,2.42082,1.85793,1.4741,3.27971,1.0881,0.608505,1.45311,1.45189
0.869531,1.9284,2.58223,2.09986,1.59245,3.39292,1.25397,0.415035,1.63784,1.66026
1.06632,1.93705,2.67936,3.24123,1.73687,4.65279,1.5791,0.520031,1.75046,1.58178
0.964736,2.90958,3.05619,3.6552,2.17548,4.68878,2.31496,0.711545,2.61007,1.93395
1.5931,2.67177,3.69799,3.00834,2.66925,5.66906,2.7489,1.44753,2.47785,2.23245
1.35885,2.22255,2.63953,1.87541,2.39871,3.85813,2.11955,0.628118,2.81479,1.3554
1.07263,1.60496,2.09646,1.56334,1.97275,3.54881,1.52075,0.516237,2.69837,2.79942
1.35598,1.76245,2.08307,1.75994,2.15523,4.16998,1.62299,0.626519,2.70818,3.28908
0.93553,2.05257,2.50163,1.96314,2.42197,5.71282,2.14962,0.821672,3.40221,3.16776
1.29455,1.94244,2.38504,2.16127,3.21376,5.67757,2.83402,1.40699,3.89409,3.3061
1.70886,2.08747,2.66325,2.65717,3.22326,7.26662,2.6656,1.21489,4.23922,4.95601
1.80821,2.29195,2.70936,2.66486,3.35463,7.56285,2.52187,1.69494,3.56722,7.0222
1.78855,2.14658,2.48248,2.73488,3.19893,7.29035,2.60981,1.6064,3.08952,3.73482
1.66031,1.90272,2.60062,2.22716,2.91564,6.14836,1.69268,1.5992,2.63474,4.14204
1.43936,2.10377,2.81957,2.12449,2.68713,5.0833,1.35017,1.32999,2.60694,2.08579
2.00442,2.51107,2.79384,1.85269,2.76833,4.45923,1.43639,1.50656,2.12876,2.76371
1.5568,1.98271,2.33845,1.39411,2.68279,3.04201,0.861384,1.19803,1.85501,2.93038
1.55956,1.90232,2.51286,1.06471,1.74293,2.6156,0.790973,0.87212,1.63633,5.7751
1.28254,1.78393,2.14874,0.826052,1.3489,2.58951,0.677013,0.84805,1.14133,0.574248
1.08734,1.36359,1.94874,0.925107,1.26974,3.02539,0.661974,0.460148,1.75637,0.518378
0.944558,0.99106,1.58043,0.789355,1.11921,2.1424,0.605115,0.516783,1.21682,0.671878
0.627157,0.849223,1.44313,0.715101,1.06038,2.21712,0.495269,0.271,1.1378,0.839337
0.573971,0.793414,1.28227,0.703601,0.905078,1.94261,0.353551,0.267124,1.2138,0.495933
0.427937,0.601217,2.13132,0.612087,0.826919,2.0261,0.37414,0.246713,1.17293,0.988979
0.209288,0.765653,1.62538,0.468318,0.83076,1.92852,0.31949,0.182939,1.1014,0.772773
0.202561,0.913687,1.86566,0.438779,0.805393,1.69418,0.222457,0.19667,0.981442,1.20603
0.373541,0.820709,1.64576,0.532306,0.853646,1.80459,0.281402,0.247199,1.06315,1.17504
0.36067,0.655688,1.20051,0.376268,0.63254,1.5548,0.204738,0.191172,1.02794,0.617675
0.392083,0.745838,1.77727,0.358176,0.496954,1.5625,0.158138,0.244388,1.15007,0.529879
0.55816,0.715429,1.42672,0.31435,0.570812,1.33389,0.206177,0.186104,1.08381,0.750337
0.412046,0.502421,1.39829,0.349554,0.715134,1.71027,0.253885,0.16642,1.04342,0.40702
0.556126,0.656944,1.44536,0.324266,0.479501,1.3411,0.31938,0.190863,0.5321,0.782192
0.760775,0.332893,1.94416,0.372762,0.436661,1.06314,0.201085,0.187384,0.336791,0.595456
0.417173,0.380775,1.12422,0.317525,0.479371,1.45692,0.281243,0.176037,0.516272,0.538268
0.1696,0.413685,1.40161,0.391323,0.438966,1.52036,0.251613,0.206305,0.558366,0.700977
0.448218,0.356802,1.24556,0.302753,0.322982,1.55284,0.183649,0.129499,0.431125,0.554564
0.13698,0.327277,1.27269,0.320163,0.504487,1.65421,0.21646,0.169638,0.734231,0.602031
0.2925,0.466167,1.0961,0.411495,0.461841,1.33616,0.222957,0.115946,0.831527,0.647891
0.310451,0.535673,1.28948,0.382004,0.456873,1.67297,0.19209,0.120707,1.45125,0.584399
0.362905,0.343697,1.65398,0.463961,0.538357,1.54033,0.246951,0.182903,1.10719,0.559276
0.314987,0.228742,2.84099,0.495826,0.797994,1.56958,0.297699,0.219154,1.05399,0.703426
0.267262,0.356004,2.15404,0.411066,0.736036,1.90625,0.439911,0.156633,1.33615,0.660367
0.310882,0.330656,1.5804,0.451322,0.904516,2.28819,0.430645,0.176977,1.33589,0.95465
0.48859,0.449215,2.03439,0.384767,0.868047,2.29889,0.299239,0.129004,1.52965,0.960217
0.639188,0.926783,0.98902,0.97359,0.853527,2.14619,0.461688,0.487275,0.920157,0.318574
0.654941,0.960494,1.27655,1.04061,1.06192,2.7143,0.304498,0.81407,1.25408,0.885314
0.722342,1.09113,1.23889,1.01389,0.992094,2.91431,0.601578,0.864283,1.38133,1.2076
0.944545,1.14803,1.24232,1.07717,1.16033,3.16727,0.697844,0.865615,1.30818,1.43834
0.988923,1.29067,1.21105,1.21261,1.18563,3.4854,0.831841,1.21097,1.3541,1.69625
0.906593,1.40937,1.34162,1.31478,1.20668,3.64891,0.563685,1.14238,1.34578,2.19191
0.751596,1.46995,1.59646,1.54378,1.39073,3.42365,0.706873,1.20027,1.16734,2.33859
1.01989,1.5891,1.75044,1.69288,1.41559,3.88947,0.730859,0.983641,1.68557,2.178
0.938472,1.72477,1.53877,1.38232,1.24002,3.73961,0.719729,1.00716,1.40761,1.3627
1.00605,1.59613,1.71607,1.29515,1.26467,3.07706,1.02119,1.00557,1.4531,2.93393
0.893558,1.77682,1.57633,1.3644,1.29717,2.90021,1.17368,0.906114,1.80998,2.90953
0.939968,1.78266,2.07675,1.78535,1.66582,3.04824,1.05295,1.1429,2.40743,2.19739
1.18507,1.95936,2.61962,2.06027,1.98366,3.96793,1.74163,1.47885,3.64523,2.76082
1.55353,2.06569,3.07628,1.70524,2.07723,3.94392,1.38368,0.988493,3.65264,1.44285
1.30913,1.8336,2.28204,1.41742,1.84041,4.72509,1.33307,0.95025,3.07964,3.00751
1.21744,1.89204,2.33492,1.92459,2.56758,4.78586,1.46635,0.950288,3.45446,3.84687
1.36279,2.4554,4.09728,2.68859,3.73075,7.61878,2.27307,1.32218,4.70055,7.43329
2.20173,3.21603,4.00461,4.44768,4.68712,10.237,4.31218,2.01087,4.64486,8.3698
3.1347,4.07719,4.85672,6.2761,5.34771,10.3372,5.33751,2.67741,5.46213,6.03678
4.20399,4.37785,5.01652,5.67884,5.51726,9.70153,6.63937,2.97595,6.44673,7.20168
3.98497,4.17348,4.71245,6.24678,5.37579,8.20703,6.68552,4.36242,4.66482,7.32025
3.17721,3.60569,3.7026,4.8719,4.79521,6.60168,6.36559,2.86438,3.18945,5.90402
2.93119,2.7824,3.28036,3.75025,4.22163,6.32418,4.64294,2.85694,2.81888,3.81663
2.45089,3.04135,2.81477,2.83427,3.60562,4.93447,3.30121,2.22548,2.60852,3.5022
1.91642,2.92047,2.57172,2.17353,3.08465,4.51543,2.36192,1.50992,1.94515,2.81469
1.45962,2.64807,1.75892,1.56946,2.22453,3.05563,2.10387,1.34079,1.5557,2.47765
1.21644,2.0942,1.65973,1.31164,1.64185,2.76556,1.70095,0.987242,1.30235,1.26383
0.911753,1.78395,1.57293,1.18424,1.26241,2.17983,1.06217,0.76111,0.807709,0.886087
0.797581,1.15599,1.43742,0.987935,1.13792,2.06148,1.07025,0.698421,0.956621,0.565805
0.859879,0.972936,1.26248,0.903006,0.91332,1.40762,0.874566,0.436626,1.09751,1.00004
0.525096,0.847265,1.02922,0.796691,0.808578,1.16304,0.666545,0.335484,0.847753,1.67568
0.461102,0.832619,0.824627,0.71973,0.661598,1.42668,0.641965,0.318113,0.727232,1.6968
0.346685,0.880767,1.18652,0.659798,0.63514,1.24627,0.408883,0.423739,0.807717,0.73253
0.384382,0.922142,1.07191,0.629724,0.711187,1.3772,0.499312,0.250701,0.772448,0.895704
0.467701,0.995011,0.773491,0.620291,1.08517,1.78743,0.505167,0.216593,0.695388,0.809374
0.497809,1.25793,0.894838,0.42723,0.688487,1.27026,0.636344,0.192849,0.662652,0.476436
0.316276,0.801164,0.476367,0.409588,0.503618,1.61695,0.520546,0.335201,0.926771,0.870867
0.419145,0.839832,0.509539,0.354374,0.610861,1.30054,0.512743,0.344485,0.654764,1.00221
0.562599,0.791804,0.648383,0.355722,0.53902,1.35669,0.67934,0.271698,0.525792,0.545652
0.423335,0.735728,0.574585,0.392735,0.444662,1.21758,0.61709,0.227625,0.490139,0.403195
0.297528,0.643812,0.483523,0.311408,0.370016,1.28951,0.630218,0.172339,0.66638,0.724308
0.234993,0.690622,0.452022,0.283478,0.596122,1.64681,0.546444,0.288549,0.517966,0.432846
0.585132,0.587937,0.626633,0.290936,0.447741,1.32273,0.632507,0.240035,0.487935,0.704817
0.410196,0.576315,0.653799,0.342307,0.52396,1.2331,0.654066,0.185223,0.35309,1.57639
0.17845,0.615801,0.661612,0.325874,0.55268,1.48116,0.652644,0.244964,0.314775,0.47378
0.316313,0.614512,0.431833,0.558999,0.510381,1.42178,0.434162,0.217215,0.441443,0.452481
0.307538,0.510857,0.401521,0.381878,0.502759,1.07296,0.320157,0.245169,0.463936,0.462536
0.375332,0.645227,0.498189,0.431975,0.545611,0.646587,0.278706,0.234939,0.286637,0.455546
0.303808,0.599842,0.585811,0.430059,0.513413,1.25761,0.556471,0.248005,0.47057,0.491533
0.300516,0.567773,0.619143,0.529994,0.5512,1.95031,0.779406,0.374251,0.386188,0.400332
0.326305,0.800606,0.625056,0.648309,0.567865,2.26597,0.381381,0.443379,0.421543,1.34238
0.341255,0.902957,0.783669,0.716336,0.642551,1.52085,0.378678,0.211139,0.949761,2.27872
0.456622,0.712588,1.43352,0.993264,0.645469,2.10322,0.528797,0.388526,1.25641,1.24201
0.5976,0.956882,1.29668,0.983261,0.630293,1.6535,0.320973,0.212938,1.25885,1.17039
0.446498,0.828672,1.06657,0.92156,0.603091,1.38716,0.542403,0.518505,1.42404,1.55287
0.550387,0.819794,1.40942,1.04495,0.686608,1.54191,0.377616,0.470801,1.35762,1.44267
0.629068,0.991578,1.64878,1.27305,0.639526,2.16741,0.238077,0.476816,0.869323,1.67029
0.797354,1.21382,1.91851,1.14333,0.745354,1.63041,0.246876,0.544768,0.888239,1.96893
0.791971,1.17905,1.88425,1.33448,0.830782,1.48737,0.387511,0.237538,1.01415,1.47984
0.800609,1.23391,1.73532,1.34703,0.805055,1.85478,0.629105,0.220279,1.05422,1.46037
0.824359,1.60649,1.81034,1.53837,0.977129,2.17762,0.366795,0.438662,1.07377,1.65977
0.891217,1.73915,1.76232,1.42561,0.967689,1.78132,0.30102,0.330908,1.12027,1.72994
0.896461,1.63394,1.85552,1.55539,0.970485,1.63764,0.274851,0.355781,1.12308,1.50883
0.886263,1.63516,1.4461,1.41346,1.09002,2.46805,0.7092,0.370001,1.5176,1.8347
1.00096,1.76833,2.49621,1.87587,1.29399,2.8752,0.416745,0.545686,1.95544,1.70683
1.05426,2.03258,2.37107,1.57838,1.26356,4.33445,0.349842,0.378837,3.1468,2.11434
0.628376,1.65729,1.66478,1.18101,0.985656,2.50721,0.406349,0.343313,2.18111,1.34955
0.791179,1.69746,1.8589,1.34443,1.0146,3.16186,0.403269,0.413347,2.14849,1.35989
1.33088,2.13098,1.96003,1.70731,1.27018,3.70999,0.589839,0.578452,2.44211,1.86782
1.55861,2.73131,2.32424,2.02677,1.65404,5.28209,1.00426,0.722577,2.63262,1.91401
3.55856,2.89753,2.85488,2.83553,2.00195,5.95372,1.15521,0.991987,2.82693,2.66386
3.891,3.37688,4.99277,3.63905,2.25445,6.50087,1.4257,1.10143,3.20482,2.71336
3.01494,3.68148,4.98611,3.10944,2.50015,5.25935,1.64837,1.00212,3.1009,3.43197
2.74621,3.95207,5.20681,3.14349,2.3268,4.26105,2.083,1.33124,3.10363,3.66564
1.69174,3.55836,4.60983,3.08056,2.5886,4.10177,2.36558,1.29661,2.92855,4.19392
1.44048,3.90747,3.19368,2.49006,2.19691,2.4825,1.56432,1.41609,2.3565,4.727
1.46484,3.2055,3.6208,1.93845,1.80175,3.39527,1.62115,1.25764,2.14847,4.06975
0.971706,2.4432,3.12093,1.45749,1.4959,2.44904,1.25347,1.06177,2.26531,3.33182
0.853485,2.07427,2.61353,1.21885,1.26834,2.1054,1.06866,0.981838,2.14679,2.81914
0.685797,1.90383,2.84107,1.08534,1.11571,2.38183,1.02049,0.725962,1.70166,2.34567
0.376908,1.43122,2.57288,0.966986,0.900716,1.50475,0.496311,0.591085,1.59808,1.74914
0.547198,1.3587,1.64784,0.876776,0.899895,1.86474,0.548174,0.550395,2.02613,1.79318
1.46204,2.86231,2.27933,1.87098,1.72921,4.19803,0.816381,0.824611,5.30946,3.04442
1.09738,2.19225,2.28079,1.78819,1.59683,3.44946,0.798535,0.905203,3.11936,3.80395
1.22786,2.91523,1.73386,1.19956,1.31729,3.05824,1.00759,0.512897,1.76632,2.50525
0.648152,5.39544,2.02946,0.997749,1.374,2.43862,0.791806,0.645703,1.80889,3.18243
0.823621,6.4486,1.80325,0.986735,1.29809,1.49154,0.791945,0.71637,1.87504,2.50751
1.37514,5.15145,1.69538,0.866509,1.24067,1.09286,0.418592,1.0435,1.91865,2.70855
1.44933,4.96915,2.08278,0.846426,1.27441,1.73939,0.35999,0.900419,1.84929,1.97453
1.8476,5.59377,2.40044,0.932341,1.25085,0.857874,0.193264,1.1712,2.36995,1.86155
0.657668,4.35103,2.0217,1.13435,0.933135,0.902506,0.343677,0.93271,2.14124,1.98903
0.792866,2.89735,1.60623,1.29447,0.749516,0.990339,0.299792,0.919024,2.67887,1.66447
0.51783,2.08732,1.37577,1.30512,0.712151,1.4504,0.303941,0.558071,2.58921,1.22613
0.410307,1.71165,1.4155,1.25685,0.674696,0.932089,0.40852,0.364254,3.20742,0.723726
0.389722,1.35435,1.29529,1.33762,0.65522,0.952242,0.449195,0.255997,2.10424,1.14402
0.315146,1.35278,1.44443,1.43189,0.638032,1.16424,0.496544,0.398138,2.13408,0.766981
0.293901,1.26668,1.1181,1.51387,0.68269,0.750677,0.397632,0.259684,2.23619,0.928919
0.196452,1.20468,1.07154,1.47432,0.693279,0.891255,0.476854,0.27042,2.13356,1.06042
0.371016,1.07684,1.24982,2.50017,0.625927,1.70169,1.06619,0.32513,2.19652,0.604434
0.619181,1.3378,1.32914,4.18772,0.825208,3.37151,4.70044,0.457306,2.32098,3.40191
0.784916,2.68957,1.70022,6.44411,1.80433,4.70666,4.14099,0.731793,2.92012,4.53407
0.883805,4.10422,2.95037,6.77051,2.39904,5.50065,4.48007,1.27128,3.37411,4.1737
1.14757,3.25209,3.58655,6.50293,2.36773,7.27392,5.12187,1.88233,3.61287,3.56948
1.4646,2.9214,3.98392,5.90319,2.27011,7.65389,4.94459,2.38801,3.35278,4.7104
1.51308,2.49398,4.02071,6.225,2.44232,9.45473,4.72641,4.06079,4.99781,6.86638
1.6257,2.16161,6.07434,6.02132,4.04076,12.8257,6.89546,6.98578,5.9505,7.20869
2.5068,3.28854,7.12796,5.31662,5.93344,13.3822,10.2902,9.74762,7.2235,9.22531
4.46761,5.72272,10.2234,4.88023,9.06808,11.3106,11.3129,9.50475,5.95442,8.57669
6.21051,7.96001,10.5327,4.91161,8.83227,9.20699,8.29833,7.11306,6.49845,7.16465
9.68812,8.12233,8.32004,4.39153,7.53863,6.69823,7.1229,5.6242,6.30788,5.12733
7.47055,6.53337,5.61559,3.61955,5.35622,6.42334,5.00399,3.47727,5.13625,3.97616
4.90291,4.76768,3.85135,3.20094,3.63265,5.81343,2.90064,2.50587,4.57306,2.91197
2.8278,4.1736,3.07122,2.97643,2.66576,4.38152,2.65042,2.06524,5.29253,2.38771
1.96982,2.90381,2.22583,2.50257,1.86559,3.89652,2.45012,1.31701,3.92194,1.6114
1.32415,2.82333,2.25682,2.21474,1.84813,3.56214,2.27852,1.31436,3.51426,1.30246
1.10431,2.39065,2.1975,2.15025,1.47727,4.59567,1.56204,1.20685,3.58263,1.46591
1.05806,2.3872,2.70967,2.47979,1.84525,3.96592,1.96805,1.14701,4.10739,1.56637
1.12733,2.32273,2.33859,2.32256,1.91161,3.65889,1.9375,1.2351,4.40312,1.99438
0.781852,1.68903,1.98159,1.67522,1.33327,2.6868,1.803,0.941782,3.09412,1.12903
0.632696,1.83028,1.83452,1.6967,1.1942,3.03236,1.12253,0.711874,2.96673,1.21034
0.790784,1.88886,1.57431,1.92472,1.24082,2.73487,1.58443,1.05286,2.83757,1.1298
0.783799,1.6564,1.81761,1.86223,1.21244,2.78097,1.40701,1.2862,3.29625,1.7837
0.854759,1.58545,1.81616,2.03624,1.34788,3.35979,1.93463,1.25378,3.32422,1.62525
0.800757,1.76618,1.68877,1.87385,1.42853,2.74205,2.09191,1.1134,3.85538,1.39518
0.989387,1.6738,1.42261,1.98267,1.29888,2.89691,2.16436,1.10286,2.52974,1.7715
0.819106,1.53464,1.43717,2.02648,1.11028,2.92041,1.70587,1.28187,3.44477,1.2585
0.658079,1.24626,1.63945,1.87828,1.04203,2.87443,2.25342,1.11447,3.40978,1.30783
0.760086,1.35016,1.6437,2.15577,0.901401,2.91636,1.59088,1.03303,3.14839,1.19629
0.509447,1.35153,1.56712,1.82503,0.902606,2.15222,1.96924,0.94906,3.27749,1.1653
0.516424,1.37088,1.37767,1.60866,0.827048,1.88832,1.41759,0.84569,2.75008,0.877128
0.573968,1.38056,1.34913,1.51508,0.763555,1.65919,1.20008,0.822982,3.03479,0.684961
0.627147,1.01855,1.18077,1.18215,0.674451,1.48765,1.02274,0.746086,2.27793,0.784229
0.480886,1.25329,1.07435,1.1559,0.650239,1.48392,0.863461,0.681804,2.10764,0.667576
0.446048,1.06374,1.11247,1.04507,0.569093,1.51427,0.745363,0.796175,1.93455,0.402771
0.403118,1.14026,1.16753,1.04641,0.592188,1.43873,0.770604,0.701023,2.0286,0.664386
0.544571,1.11555,1.23541,1.03244,0.588034,1.41358,0.582312,0.563337,1.88507,0.499543
0.381845,1.14735,1.11423,1.07057,0.565158,1.39149,1.21758,0.629227,2.06206,0.517634
0.440724,0.935607,1.17626,0.991342,0.657666,1.18619,0.683713,0.59253,2.08042,0.39764
0.498855,0.979831,1.06364,0.996844,0.597874,1.2141,0.956678,0.536054,2.23124,0.441589
0.528899,0.855458,1.13321,1.04356,0.694852,1.30991,0.524189,0.536397,2.66385,0.632022
0.440879,0.87808,0.973081,0.860784,0.625239,0.962931,0.450605,0.377246,2.17439,0.38674
0.453756,0.93834,1.07457,0.796324,0.685235,0.851095,0.386901,0.29436,2.30317,0.354238
0.434432,1.10681,0.880064,0.774363,0.635145,0.936452,0.443387,0.314606,2.31779,0.565128
0.381214,0.960694,0.907806,0.793977,0.526275,0.911913,0.445185,0.306337,1.98961,0.35714
0.446611,0.983946,0.882981,0.755133,0.64949,0.98248,0.384256,0.35305,2.07309,0.363549
0.335783,1.07686,0.787578,0.604082,0.584884,0.940341,0.45068,0.313189,1.9552,0.421264
0.389147,0.848966,0.899066,0.636659,0.515754,0.812195,0.330179,0.229781,1.93417,0.483417
0.412654,0.71671,0.771002,0.616992,0.47521,0.753386,1.21123,0.289598,2.07855,0.517179
0.356796,0.950145,0.91235,0.61983,0.469681,0.71903,0.362332,0.220117,1.96896,0.450742
0.420547,1.09418,0.832326,0.669693,0.584902,0.541569,0.505695,0.253456,1.9917,0.218984
0.324615,1.12342,0.866966,0.725082,0.613539,0.792131,0.428593,0.26104,1.94915,0.282472
0.266723,0.893625,0.846101,0.842481,0.541997,0.817809,0.470618,0.29571,1.20123,0.340799
0.240131,0.723873,1.05288,0.959483,0.550614,1.12365,0.534042,0.413173,1.71333,0.398994
0.423526,0.90519,1.24217,0.983337,0.658989,1.3194,0.639605,0.595826,1.5181,0.909684
0.404256,0.986935,1.0848,0.821918,0.733306,1.1315,0.610827,0.540882,2.00122,0.419985
0.446418,0.863729,1.27738,0.917466,0.710295,1.21762,0.984456,0.522486,2.36169,0.416188
0.357445,1.07986,1.14358,1.00375,0.613513,1.33966,0.944703,0.492163,2.25232,0.432273
0.415796,1.16869,1.01984,0.937956,0.673682,1.84949,0.991063,0.659316,1.73524,0.530928
0.58519,1.32645,1.2933,1.05782,0.754806,1.86262,1.08027,0.540524,1.91822,0.970664
0.587396,1.21948,1.13853,1.04967,0.863591,1.99312,1.06182,0.620904,1.98148,0.822039
0.572541,1.38946,1.0814,1.16973,0.861809,1.99243,0.845718,0.72754,1.77791,0.934162
0.603793,1.22194,1.22399,1.39923,1.02943,2.24871,0.742364,0.754633,2.27503,0.900647
0.556758,1.39471,1.29275,1.56161,0.948068,2.36384,1.17186,0.653131,2.34478,1.02505
0.705164,1.42987,1.27122,1.82267,0.948368,2.40205,1.07974,0.720076,2.52885,1.18495
0.820865,1.65444,1.48456,2.19692,1.03662,2.61929,1.00558,0.719671,2.83317,1.70828
0.689018,2.19869,1.47526,1.94076,0.926949,2.46261,1.39302,0.749755,2.44015,0.973474
0.760426,2.48266,1.45221,2.24256,0.964041,2.33473,1.3103,0.803936,2.92539,1.05214
0.802437,3.01943,1.62095,3.33764,1.06663,2.8973,1.55739,0.820845,3.43547,0.981582
1.01492,4.21664,2.17871,4.39114,1.38365,3.8447,1.98246,0.892953,4.16915,1.25744
1.13074,4.47832,2.61376,3.99718,1.69891,3.77879,2.28887,0.985023,4.16749,2.35441
0.959888,3.33753,2.20241,3.25044,1.52658,3.33221,1.67952,0.724956,3.23196,1.44406
1.18688,3.83669,2.45368,3.61067,1.73968,4.42108,1.74762,1.35589,3.4291,1.48738
1.20524,3.65077,3.28175,4.23423,2.44083,5.74786,1.95837,1.44967,3.76368,1.47542
1.40872,3.93498,4.04917,5.02216,3.33709,6.90089,3.27881,1.53869,4.22906,2.07762
1.87486,4.05683,4.41603,5.50707,3.78044,7.60514,4.31794,2.2115,4.04219,2.63905
1.99294,4.09076,4.05556,5.22451,3.3294,7.77494,3.68418,2.5188,4.52405,2.47084
2.31154,4.25042,3.96545,4.80563,3.31857,7.94874,4.52672,2.65461,4.6947,3.91067
2.32248,4.31914,3.56746,3.86862,3.13872,6.25285,4.67032,2.51181,4.72162,3.4573
1.75247,3.44821,2.9587,2.8014,2.85753,4.74045,3.73408,2.24292,4.53929,3.33706
1.65827,3.18862,2.58462,2.49945,2.51636,3.57418,3.46795,2.13623,4.21272,3.20568
1.36504,3.17757,2.03908,1.97996,2.40202,3.01461,2.28107,1.697,3.92503,3.07455
1.02294,2.49454,1.6746,1.60573,1.61533,2.89336,1.74696,1.39708,2.99716,2.79447
1.11948,2.74673,1.54238,1.48932,1.52675,2.00158,1.39176,1.10508,2.84696,1.65878
0.934313,2.46478,1.50303,1.29491,1.2669,1.83492,1.21802,0.82457,2.39777,1.18923
0.834506,2.22908,1.42574,1.15797,0.902013,1.46036,1.04518,0.79173,2.29387,1.22909
0.779753,2.19754,1.19343,1.09327,0.853615,1.47911,0.790359,0.63713,2.13977,1.30604
0.675821,1.74624,0.943678,1.08827,0.774965,1.32832,0.645403,0.586726,2.07516,0.900723
0.592222,1.6154,0.97519,1.02882,0.751988,1.41019,0.473599,0.508552,1.93387,0.891192
0.515393,1.71908,0.931867,0.91854,0.764519,1.44453,0.558647,0.453815,1.86598,0.779229
0.498389,1.4441,0.966373,0.926207,0.767403,1.21322,0.537655,0.467729,1.82117,0.824355
0.555332,1.91,0.944452,0.895342,0.636552,1.09818,0.541853,0.394367,1.80521,0.516304
0.574262,1.83152,0.945006,0.977316,0.821782,1.22396,0.181779,0.367483,2.15327,0.705812
0.505594,1.2816,1.07246,0.868304,0.584781,0.939862,0.1855,0.324692,1.91803,0.586891
0.493534,1.34325,1.00115,0.746858,0.50683,1.1047,0.0603154,0.30131,1.56212,0.67561
0.461867,1.26116,0.878748,0.732376,0.539359,0.908702,0.241549,0.240923,1.47918,0.625967
0.416608,0.637261,0.806009,0.794476,0.636735,1.16308,0.0788898,0.255479,1.43733,0.417848
0.46983,0.401139,1.09835,0.830055,0.739607,0.906745,0.128025,0.371284,1.46441,0.331375
0.428519,0.345868,0.74931,0.676871,0.401721,0.915695,0.0756533,0.216589,1.38325,0.282467
0.437277,0.31015,0.724027,0.623068,0.482063,0.739525,0.135862,0.315589,1.23902,0.223711
0.412251,0.372588,0.942104,0.593878,0.440356,0.811418,0.122922,0.274777,1.16745,0.265168
0.378898,0.411607,0.772828,0.512892,0.580668,0.779258,0.123973,0.298386,0.523629,0.202155
0.391519,0.508846,0.692637,0.665358,0.460299,0.856841,0.0966253,0.280377,1.13543,0.256942
0.43582,0.404115,0.687025,0.853726,0.518811,0.885646,0.0735469,0.287781,1.01117,0.220332
0.39558,0.377883,0.80491,0.780236,0.55474,0.972444,0.105808,0.31778,1.18488,0.2093
0.411796,0.379122,0.748338,0.892271,0.623698,1.27984,0.237367,0.445527,1.28169,0.345636
0.412723,0.389872,0.826349,1.04968,0.658056,1.5286,0.485177,0.472375,1.36204,0.421734
0.441039,0.410596,0.956313,1.22621,0.659795,1.57697,0.872045,0.466093,1.4992,0.491047
0.407422,0.501859,1.31021,1.05809,0.838953,1.59488,0.448749,0.647739,1.48556,0.631606
0.507688,0.63521,1.19394,1.22019,0.895283,1.48378,0.490696,0.63518,1.57733,0.394319
0.43974,0.925929,1.15747,1.10567,0.941375,1.86381,0.890842,0.986923,1.54554,0.546686
0.689897,0.960625,1.17684,1.17395,0.943071,1.68396,0.851874,0.826278,1.73834,0.699265
0.630234,0.933331,1.1001,1.23406,1.05026,1.94358,0.761474,0.807497,2.00711,0.58154
0.676542,0.919837,1.25108,1.27831,0.998187,1.87213,0.961229,0.856544,1.95815,0.653306
0.681778,1.15578,1.28269,1.52004,1.0916,1.86579,1.14083,0.934151,2.15899,0.823121
0.722186,1.07592,1.37932,1.51566,1.11771,2.02278,0.90938,0.963464,1.89203,0.662245
0.584198,1.15923,1.40645,1.4143,1.02063,2.22927,0.839903,1.01435,2.27028,0.902773
0.671443,1.29938,1.56381,1.65971,1.24569,2.14262,0.862174,1.05816,2.20507,1.07526
0.624269,1.30751,1.47372,1.29746,1.05945,2.15272,1.03336,0.93762,1.53376,0.829685
0.628389,1.35173,1.33844,1.6816,1.0058,1.96344,0.821731,0.918249,2.33479,0.587594
0.78979,1.30895,1.50428,1.71943,1.14913,2.11156,1.4333,0.992111,2.56613,1.00858
0.86589,1.19898,1.77695,2.04108,1.24805,2.24022,1.41392,1.02736,3.05014,1.15362
1.00526,1.17979,2.14289,2.29421,1.54444,2.29386,1.89373,1.10691,3.68816,1.25039
0.910657,1.30825,1.69662,1.64029,1.24644,2.13777,1.47953,1.05437,2.99636,1.09205
0.800414,1.04792,1.51382,1.49847,1.15541,2.07773,1.49896,1.09694,2.50573,0.73641
0.838438,1.14258,1.56893,1.71568,1.17979,2.18854,1.60103,1.13381,2.36802,1.14829
0.819739,1.04818,1.47406,1.74681,1.2699,2.35321,1.75629,1.28828,3.01277,1.0627
0.771312,1.09121,1.53393,1.81695,1.45574,2.45197,2.59091,1.49922,3.34077,1.23111
0.846266,1.04782,1.60263,1.91518,1.39672,2.68775,2.81845,1.5567,2.93438,1.18943
0.902132,1.09235,1.69273,2.04734,1.55473,3.03924,3.1466,1.63854,3.17132,1.52115
0.949344,1.31095,1.52215,1.98634,1.77323,3.33632,3.03559,1.85078,3.65957,1.40323
0.803368,1.21226,1.7115,2.05788,1.81172,3.49991,3.4431,1.69812,3.14123,1.48527
0.774284,1.28876,1.58162,2.25509,2.04753,3.35928,3.12669,1.79065,2.49756,1.57872
0.858635,1.30537,1.86621,2.16834,2.39583,4.10656,2.64834,2.20177,2.81932,1.87248
0.831097,1.17617,1.43856,1.87943,1.88008,2.93849,1.69387,1.59029,2.62173,2.18932
0.621933,1.07165,1.39429,1.65327,1.34651,2.5656,1.209,1.46089,3.43265,1.76887
0.7515,1.27276,1.28511,1.56245,1.44358,2.36481,0.886149,1.20787,2.70898,1.58722
0.857187,1.14615,1.18191,1.43713,1.15046,1.93999,0.790334,1.11695,2.5828,1.9451
0.778564,1.08368,1.09348,1.39023,1.0351,2.01636,0.751913,0.945417,1.98471,1.58187
0.57168,0.948648,1.06214,1.3119,0.935815,1.93504,0.692067,0.937586,1.93868,1.42215
0.518703,0.995739,1.29493,1.4572,1.04643,1.88552,0.837067,0.908343,2.12065,1.44907
0.608604,0.871829,1.4556,1.35872,0.959535,1.90734,0.664338,0.771157,1.98364,1.12645
0.499494,0.856222,0.990324,1.44199,0.815303,1.88577,0.517189,0.80287,1.85652,0.940368
0.580681,0.677248,1.12765,1.52885,0.664607,1.9224,0.440619,0.601032,2.01055,0.680635
0.611205,0.681329,0.723521,1.65722,0.756688,2.19488,0.274068,0.812736,2.00256,0.73433
0.44987,0.573946,1.2646,1.5339,0.64147,1.45448,0.0857011,0.665369,1.74623,0.566978
0.556763,0.536035,1.91715,1.47358,0.528765,1.29741,0.0813149,0.592723,1.60525,0.520709
0.511904,0.585712,2.19686,1.147,0.570694,1.45649,0.0474986,0.564215,1.76841,0.528817
0.63164,0.551059,1.60351,1.12131,0.545464,2.15795,0.0886178,0.490352,1.61544,0.461551
0.600682,0.622044,1.829,1.24983,0.708251,1.49991,0.174976,0.450704,1.64586,0.393519
0.545703,0.475331,1.9367,1.03401,0.611442,1.31529,0.170595,0.449177,1.53079,0.315576
0.529763,0.427894,1.83476,0.937748,0.498103,1.23195,0.132304,0.46789,1.44495,0.372762
0.54242,0.43471,1.69177,1.05714,0.607256,1.17031,0.134456,0.51303,1.46148,0.353298
0.423858,0.425131,1.80429,0.9294,0.716939,1.29867,0.17458,0.504355,1.57996,0.265581
0.52453,0.347935,1.79716,0.842897,0.61208,1.25579,0.113721,0.444484,1.50621,0.394694
0.477967,0.37461,1.63096,1.04315,0.490029,1.14701,0.150156,0.53001,1.0733,0.294434
0.487765,0.487122,1.69749,1.10959,0.619186,1.41152,0.39313,0.530968,1.71304,0.331996
0.435526,0.482348,1.68484,1.22904,0.651238,1.43111,0.478097,0.578547,1.85131,0.331268
0.50659,0.554142,1.82248,1.24787,0.745864,1.64163,0.660782,0.729418,2.06204,0.504891
0.49204,0.639937,1.69051,1.2567,0.763046,1.87249,0.912734,0.678428,2.02747,0.438313
0.498207,0.683829,1.2118,1.28421,0.831471,1.81293,0.761901,0.579878,2.12102,0.614009
0.522411,0.770853,1.42308,1.37866,0.795032,1.91308,0.963943,0.712934,2.09178,0.646552
0.542445,0.965571,1.07028,1.11705,1.0259,1.92793,1.09049,0.777279,1.81284,0.572692
0.56065,1.21767,1.08926,1.20971,0.970531,2.23852,1.06337,0.796538,1.94226,0.674099
0.755333,1.30435,1.13473,1.24451,1.00308,1.81741,1.35229,0.805817,2.04103,0.742877
0.575156,1.2578,1.05392,1.25841,0.951917,2.38553,1.32045,0.72746,2.0413,0.684782
0.638644,1.17835,1.34313,1.42213,1.0639,2.4706,1.49968,0.922182,2.12848,0.895694
0.630983,1.35249,1.28698,1.70575,1.14892,2.90487,1.5617,0.93274,2.22183,0.855878
0.700343,1.31828,1.30434,2.06183,1.21418,2.93099,1.963,1.02407,2.21239,1.09191
0.845412,1.72052,1.74599,2.80769,1.56902,4.39504,2.31375,1.41876,2.40647,1.16039
0.89633,2.03993,1.62175,2.68446,1.54942,3.67382,2.17001,1.32822,2.23494,0.964797
1.24499,2.35364,2.512,4.20506,2.13984,4.60617,2.31408,1.68848,2.19283,1.14642
1.69905,2.82647,3.36875,4.69834,2.96882,5.55733,2.79395,2.42542,2.4589,1.55655
2.62753,3.82049,4.46606,4.95339,4.16172,7.18653,4.08107,3.18065,3.05562,1.53785
3.9292,5.50971,7.13075,6.29569,5.71232,9.25411,6.71975,4.09753,4.82703,3.39459
3.21719,4.52392,4.82033,4.44941,4.48158,7.66877,5.80882,3.74481,3.41933,2.7755
3.28461,4.7772,5.11067,3.48011,3.82974,7.26613,5.06625,3.85313,3.49033,2.56788
3.02114,5.32368,5.16413,3.12769,3.70465,7.3695,5.21627,4.13787,4.68634,3.00818
2.50428,4.6393,3.59356,2.49331,3.31545,7.10997,5.34475,3.97647,5.57853,3.69316
2.21254,3.82508,3.05049,2.53531,2.97914,5.82086,5.16544,3.44291,5.49148,2.78231
1.87401,3.5781,2.58184,2.28238,2.68669,4.4613,4.34939,2.97312,4.98836,2.439
1.5552,3.71476,2.75565,2.15986,2.43442,3.85266,3.42581,2.63255,4.49215,2.09196
1.50586,3.43487,2.63728,2.03482,2.29596,3.28524,3.06399,2.17155,3.81698,1.8586
1.32621,2.77153,2.56368,1.94851,2.14368,3.22203,2.37917,2.10319,3.47363,1.41838
1.30083,2.98609,3.30856,2.20722,1.9789,3.14942,2.26166,1.79868,3.60806,1.02992
1.18804,2.86258,2.64646,2.04859,2.14009,3.04121,1.90794,1.75337,3.14503,1.07185
1.19612,2.53803,2.23987,1.83444,1.77107,2.56286,1.51602,1.21262,2.89597,0.654524
1.18515,2.1803,2.11309,1.73148,1.5748,2.33966,1.50791,1.24913,2.61787,0.738623
1.19767,1.92619,1.6873,1.44116,1.39945,2.23433,1.1312,1.16801,2.23024,0.721545
1.24114,1.61129,1.52749,1.18925,1.22036,2.02133,1.02376,1.01314,1.8563,0.425599
1.05995,1.39264,1.14475,1.02839,1.13168,1.9546,0.926927,1.01639,1.68062,0.404495
0.783118,1.4588,1.09053,0.861119,0.971924,1.87992,0.949618,1.00657,1.64367,0.374257
0.805735,1.43681,1.05401,0.68861,0.843975,1.65645,0.840615,1.00405,1.61538,0.43933
0.690938,1.26071,1.2852,0.703683,0.857398,1.73602,0.769543,0.929267,1.54832,0.209236
0.623383,1.33755,1.13242,0.760478,0.852781,1.63421,0.603697,0.738568,1.61454,0.316906
0.595752,1.18383,1.08424,0.817835,0.816745,1.47642,0.729762,0.784251,1.42814,0.301519
0.581825,1.37482,1.31233,0.619213,0.994613,1.51067,0.770442,0.802426,1.41205,0.265127
0.408342,1.14817,1.03461,0.583142,0.878761,1.3348,0.184536,0.731714,1.418,0.344682
0.47561,1.21075,1.19998,0.503904,0.860912,1.24818,0.169888,0.681907,1.46578,0.349294
0.391668,1.16455,0.849521,0.509231,0.793133,1.58591,0.257195,0.655891,1.42122,0.284769
0.430542,1.13266,0.783896,0.475328,0.771008,1.42071,0.123,0.617954,1.26664,0.188386
0.430427,0.743763,0.785548,0.637141,0.92703,1.55464,0.100862,0.561213,1.24862,0.152616
0.384096,0.968167,0.617311,0.35574,0.717799,1.42515,0.104753,0.499137,1.06856,0.247997
0.388478,0.877442,0.636361,0.377015,0.666799,1.35908,0.131559,0.573639,1.12243,0.223801
0.343594,0.877353,0.653406,0.532806,0.624777,1.20512,0.13277,0.718513,1.16379,0.237772
0.343561,0.888017,0.762736,0.364307,0.669585,1.37829,0.124041,0.508805,1.08253,0.196758
0.392263,1.15352,0.706269,0.462664,0.538487,1.161,0.706188,0.507189,1.15876,0.212315
0.335119,0.765286,0.741413,0.550082,0.722201,1.29592,0.470713,0.465935,1.10472,0.123412
0.413557,0.801036,0.807802,0.624262,0.64833,1.41086,0.46699,0.443358,1.03191,0.127551
0.333156,0.82326,0.923451,0.659895,0.731347,1.69677,0.199123,0.748055,1.36851,0.117555
0.304002,0.672693,0.797436,0.727483,0.730498,2.33453,0.703354,0.694425,1.46948,0.13834
0.338289,0.676719,1.19409,0.7342,0.819736,2.29547,0.859606,0.355212,1.51529,0.204708
0.460903,0.885106,1.20483,0.666963,0.886773,2.4592,0.760087,0.387416,1.49047,0.299062
0.98459,0.84529,1.19383,0.974491,0.887615,2.63031,0.878809,0.591698,1.70996,0.34105
0.621395,1.60751,0.926323,0.943459,0.885838,2.1557,0.649922,0.687334,1.36535,0.429608
0.654441,1.69064,1.05393,1.00106,1.03914,2.23693,0.848308,0.735041,1.60314,0.405647
0.741983,1.96094,1.04182,1.0157,0.987201,2.43559,0.708172,0.644746,1.60277,0.511438
0.80209,1.69922,1.12691,1.23721,1.11493,2.39649,0.912239,0.811668,1.59993,0.513327
0.905562,2.01973,1.10398,1.29089,1.17731,2.51041,0.796841,0.71632,1.80107,0.535649
0.955454,1.78105,1.12149,1.49248,1.2143,2.91517,0.893907,0.753484,2.06682,0.379759
0.851659,1.54163,1.25863,1.47521,1.16591,3.29638,0.864878,0.706757,2.0459,0.503713
0.692049,1.85574,1.18203,1.69768,1.20015,3.70307,1.03842,0.953634,1.9743,0.469309
0.91993,2.02846,1.51288,2.16364,1.68542,4.39287,1.121,0.995917,2.34894,0.680224
0.825554,2.02368,1.51609,2.28842,1.56576,4.94593,1.2566,1.52746,2.13631,0.653257
1.06768,1.77828,1.60178,2.36927,1.72177,5.60209,1.52616,1.60235,2.51824,0.860692
1.1724,2.23377,2.00486,3.24327,2.14509,8.00422,2.80787,2.00255,2.94052,1.50751
1.58812,2.93452,3.30628,4.60815,3.59674,9.86221,4.4809,3.6625,4.53268,3.58097
1.60948,3.33508,3.59339,3.8926,3.3706,8.5737,4.06436,2.96215,4.56574,3.99164
1.39198,2.746,3.19906,3.03608,2.79666,6.94006,3.04754,2.56638,4.15641,3.36928
1.67317,3.07594,3.35458,2.82366,2.51919,5.78707,3.06195,2.25814,4.19337,2.75802
1.87667,2.96352,3.47033,2.92565,2.64636,5.30023,2.95351,2.09262,4.64163,2.40345
2.03318,3.30294,3.01876,2.65887,2.22933,5.2044,2.75317,1.78441,4.0091,1.7524
2.24365,3.43908,2.8051,2.2635,2.03344,4.56823,2.0535,1.76779,3.61715,1.59128
1.75096,3.12549,2.41601,1.97001,1.91478,3.88266,1.59839,1.50211,3.26964,1.23503
1.78771,2.38968,2.07722,1.52724,1.98346,3.7722,1.38378,1.50934,3.20835,1.29149
1.51318,2.29577,1.97427,1.35391,1.81723,3.59481,1.29389,1.2317,2.90276,0.663587
1.53377,2.34059,1.76977,1.34508,1.75243,3.43723,1.09709,1.37325,2.59216,0.828104
1.35777,2.53132,1.61044,1.14658,1.64571,3.19107,1.36946,1.12482,2.19768,0.601935
1.69082,2.88815,1.66132,1.04407,1.61678,3.00339,0.989103,0.995314,2.19878,0.814837
1.59596,3.36103,1.78393,0.961299,1.50233,2.85576,0.834714,0.906605,1.85634,0.669393
1.82481,3.27897,1.89554,0.870891,1.45804,2.7703,0.988517,0.937978,1.87645,0.752904
1.96088,3.24824,1.65647,0.839411,1.33854,2.87728,0.650163,0.903504,1.74535,0.633137
1.73466,2.64559,1.29142,0.786355,1.22855,2.61257,0.623494,0.795865,1.81881,0.764785
1.55579,2.26093,1.22479,0.830922,1.21509,2.46958,0.664668,1.04149,1.72456,0.764892
1.25236,1.93125,1.10672,0.738279,1.21623,2.1299,0.526637,0.792352,1.63584,0.515472
1.29032,2.31498,1.20115,0.798053,1.2569,2.13556,0.643012,0.629662,1.67282,0.753909
1.0337,2.11871,1.26516,0.69315,1.177,2.35974,0.47847,0.656589,1.73996,0.643924
0.513504,1.92708,1.30065,0.819168,1.2187,2.23412,0.503571,0.620827,1.93795,0.578593
0.480187,2.0679,1.18371,0.720762,0.754199,2.22923,0.509952,0.553812,1.75837,0.364697
0.549795,2.28772,1.11592,0.75304,0.852767,1.97798,0.25283,0.313055,1.692,0.355279
0.445091,2.42802,0.983726,0.683328,0.813025,1.74785,0.154496,0.578178,1.66181,0.358122
0.440756,2.25842,0.973807,0.62098,0.761923,1.54353,0.216845,0.41578,1.56216,0.366764
0.469904,2.14216,0.885961,0.565835,0.761998,2.31159,0.148706,0.601304,1.57548,0.269915
0.702276,1.2183,0.940359,0.584482,0.697358,1.52067,0.225714,0.653074,1.58372,0.281227
0.355917,2.10032,1.09684,0.513198,0.528833,1.49204,0.136949,0.398048,1.32916,0.335847
0.401355,2.4807,0.731122,0.514565,0.487223,1.40095,0.213722,0.413482,1.34247,0.256796
0.391262,1.71497,0.780306,0.546305,0.477651,1.25428,0.217949,0.468005,1.16051,0.144182
0.533088,1.75775,0.795476,0.514144,0.547902,1.33401,0.313622,0.423257,1.1291,0.393134
0.357373,1.27839,0.590702,0.560621,0.60005,1.20459,0.325167,0.443939,0.96479,0.218287
0.39934,1.14079,0.947829,0.520256,0.585832,1.21144,0.222623,0.580092,0.983098,0.17977
0.37084,1.21291,0.727044,0.578199,0.543032,1.23828,0.238344,0.539453,1.07318,0.197823
0.378678,1.55421,0.792145,0.636997,0.550582,1.36612,0.277064,0.620358,1.21635,0.154741
0.443777,1.49242,0.911794,0.714489,0.704256,1.68378,0.289342,0.488969,1.45951,0.192155
0.453362,1.68177,1.35921,0.760687,0.870702,1.82467,0.639136,0.73186,1.69385,0.245647
0.532114,1.63851,1.52953,0.787284,0.968542,1.94603,0.546197,0.614969,1.72977,0.616897
0.594496,2.00253,1.36316,0.871105,0.781532,1.91276,0.488454,0.580802,1.64848,0.382256
0.83061,1.79583,1.16226,0.82892,0.744546,1.60474,0.697022,0.635856,1.79314,0.46365
0.911129,1.70441,1.35853,1.11516,0.810322,1.79716,0.855509,0.654219,1.86112,1.06759
0.924083,2.30625,1.26894,1.12567,0.881259,1.93309,0.969308,0.696669,1.75594,0.777402
0.785985,2.3166,1.32822,1.32159,1.01134,2.02657,0.904469,0.77018,1.71349,0.729107
1.03529,1.93681,1.34486,1.31158,1.06422,2.10772,0.708,0.766405,1.75748,0.841509
1.17701,2.52737,1.36456,1.47672,1.18259,2.23149,0.771349,0.796432,2.06486,0.888481
1.12824,2.30887,1.35488,1.68447,1.23456,2.25351,1.09371,0.788175,2.07612,0.922181
1.00111,2.77034,1.69956,2.18983,1.46924,3.52525,1.02392,0.746717,2.24469,1.00522
1.14027,2.9469,2.22858,3.05208,1.85963,4.20214,1.84161,0.988785,2.5211,1.05653
1.10299,2.44648,2.1379,2.90953,2.40791,4.41652,1.78968,1.3198,2.25959,1.31247
1.23213,2.89594,2.88804,3.78803,3.87368,7.57329,3.69204,1.83396,2.43678,1.47179
1.31102,3.61748,4.55031,5.68061,4.89175,10.6204,4.88784,2.41592,2.79274,2.04804
1.96586,5.24892,7.27542,7.51699,6.61818,7.53666,6.37908,3.78394,4.26144,2.60812
1.89326,4.53391,6.99667,5.20532,4.81118,9.56718,5.80073,4.39019,4.70759,3.18799
1.94392,4.28873,4.87801,3.45636,3.18768,7.71853,4.49153,3.40459,4.04087,3.10944
2.61241,4.61791,4.1229,3.00525,2.61885,8.83368,3.5907,3.34664,4.46735,3.64237
3.93773,5.05069,4.53899,3.3436,2.25666,7.27476,4.18716,3.18808,5.00536,3.40026
3.59462,5.2279,4.2482,3.04968,1.91831,6.39277,4.15542,3.0139,5.00751,2.76483
3.55818,5.17198,3.54571,2.84584,1.90558,5.85114,3.24206,2.78426,4.44297,2.16804
3.26275,4.86393,2.65549,2.60627,1.87613,5.49937,2.67652,2.07342,3.9262,1.80664
2.93637,3.68552,2.5889,2.58839,1.82722,4.97422,2.386,1.98697,3.43436,1.18081
1.94445,3.39765,1.82815,2.36768,1.6269,4.26325,2.40328,1.52456,3.08144,1.07433
1.76866,2.78587,2.07649,2.25227,1.76895,4.22797,2.29133,1.51156,2.96042,1.10581
1.72719,2.45948,1.6998,1.89159,1.84069,4.23676,2.44562,1.45321,3.00284,1.15354
1.51214,2.80665,1.61833,1.4491,1.89009,3.65129,2.13252,1.51712,2.727,1.19703
1.5203,2.62266,1.76935,1.36986,2.01196,3.23939,1.87386,1.15826,2.47226,0.884297
1.58312,2.50236,1.71816,1.31332,1.80398,2.95894,1.79584,1.23205,2.48584,0.977884
1.38746,2.27622,1.68145,1.1089,1.66844,2.45254,1.44629,0.978757,2.27183,0.657071
1.29744,1.94961,1.48008,0.933638,1.42249,2.3405,1.1344,1.00095,2.03777,0.838291
1.25879,1.93505,1.36682,0.915282,1.21027,1.60486,1.07016,0.942319,1.98383,0.914171
1.01564,1.84629,1.47642,0.969829,1.22808,2.21258,1.06369,0.841189,2.03221,0.825758
1.00593,1.85969,1.33649,0.941539,1.04621,2.10266,0.817134,0.872971,2.09669,0.528082
0.780414,1.79159,1.21124,1.00599,1.00154,1.9477,0.844882,0.678153,2.09063,0.700294
0.795374,1.63654,1.22785,0.919026,0.842797,1.90513,0.614542,0.555634,2.0089,0.610391
0.823276,1.84731,1.58654,0.741016,0.716242,1.80231,0.253158,0.601928,1.94064,0.567533
0.669392,1.62516,1.24556,0.678372,0.682971,2.02649,0.251815,0.538466,1.97568,0.554538
0.68428,1.59308,1.34651,0.698594,0.642671,1.42131,0.212758,0.455005,1.70672,0.466817
0.543381,1.16801,1.20399,0.6595,0.548483,1.44189,0.229008,0.417339,1.60863,0.373802
0.545817,1.45487,1.2511,0.610659,0.632007,1.21399,0.382385,0.514233,1.41003,0.44034
0.628069,1.49921,1.16626,0.657713,0.560284,1.28068,0.298164,0.394859,1.43039,0.400814
0.502202,1.3606,1.30198,0.554966,0.589775,1.1037,0.115022,0.375766,1.28213,0.525571
0.438622,1.25046,1.12215,0.595175,0.50997,1.12435,0.290084,0.344472,1.11639,0.404925
0.418749,1.10433,1.01928,0.588865,0.503062,1.0912,0.228075,0.517255,0.96374,0.119489
0.356937,1.36927,0.999289,0.45585,0.581513,0.95152,0.213522,0.469566,0.962723,0.274353
0.36071,1.58666,0.881078,0.439499,0.585031,0.907402,0.280848,0.486867,0.957826,0.277682
0.384903,1.39358,1.0792,0.700063,0.597183,0.954889,0.116262,0.40949,1.06719,0.176249
0.361836,1.12294,0.925596,0.716647,0.581626,1.28703,0.283492,0.388013,1.08806,0.233461
0.394007,1.12921,0.796299,0.77271,0.653146,1.02144,0.212095,0.563506,1.21307,0.129447
0.364309,1.1994,1.06881,0.707374,0.595369,1.30774,0.180017,0.480913,1.1754,0.409017
0.441444,1.16127,1.12349,0.69155,0.628781,1.67823,0.315453,0.457087,0.927354,0.545922
0.456994,1.37077,1.17368,0.793035,0.698491,1.65947,0.526178,0.468133,1.30703,0.500789
0.395333,1.62828,1.21361,0.737125,0.795037,1.77297,0.684635,0.622192,1.30231,0.507331
0.395111,1.2988,1.09616,0.855035,0.879066,1.81608,1.02699,0.497322,1.17311,0.629231
0.743302,1.03278,1.2178,1.01464,1.04259,2.5431,0.873934,0.655949,1.34537,0.497072
0.613241,0.951433,1.26021,1.07454,1.16893,2.80592,0.887407,0.672674,1.48977,0.756054
0.721747,1.23018,1.53341,1.04879,1.06713,2.98999,1.12273,0.688796,1.43902,0.550018
0.767136,1.10278,1.39535,1.07812,1.115,3.09627,0.854524,0.612608,1.58879,0.853014
0.923337,1.21684,1.53447,1.08835,1.21929,2.87066,1.15375,0.721433,1.70585,0.526763
0.767975,1.07336,1.57587,1.0871,1.30849,3.26718,1.20878,0.744407,1.73921,0.891904
0.736201,1.3633,1.72001,1.26322,1.24532,3.27454,1.05016,0.776688,1.98744,0.699363
0.954736,1.35069,2.17414,1.56158,1.43337,4.08707,1.31092,0.997922,2.2437,0.82039
0.807851,1.57092,1.83996,1.31254,1.14488,3.638,0.95359,0.725679,2.00403,0.812498
0.975831,1.86092,2.02023,1.33302,1.38051,3.6785,0.912263,0.891982,2.0343,0.594886
1.03668,1.74541,2.27837,1.4868,1.44161,3.75233,1.19874,0.895779,2.13484,0.658719
1.38302,2.29498,2.81511,1.86992,1.8278,4.27091,1.39056,1.15229,2.80184,0.66188
1.59869,2.30133,2.97706,1.72166,1.73677,4.63939,1.55082,1.49666,3.04687,0.791975
1.32779,1.77591,2.38365,1.36654,1.40441,3.77153,1.41906,1.11457,2.42695,0.888661
1.40757,2.37764,2.32746,1.48204,1.36099,3.53418,1.1452,1.1948,2.40393,1.08777
1.51447,2.18428,2.28403,1.74907,1.43821,3.78371,1.15409,1.223,2.64512,1.3789
1.70905,2.32815,2.23747,1.8905,1.45151,4.19069,1.175,1.27726,2.82762,1.41403
1.80717,2.50124,1.9545,2.0207,1.57564,4.15589,1.12489,1.56575,3.24343,1.65259
1.98555,3.21581,2.25924,2.24789,1.82622,4.8437,1.50883,1.82146,3.96877,1.73793
1.98808,2.76832,2.5782,2.92328,2.38921,5.31515,1.81036,2.15404,4.3744,2.44289
1.97011,3.17342,2.92751,3.32059,2.69171,4.16406,1.8449,2.17828,3.92775,2.13499
2.00001,3.69465,3.28807,3.2935,2.9944,4.48291,2.40642,2.03079,3.84237,1.98941
2.54487,4.01335,3.98252,3.63006,3.41225,4.14826,2.50362,2.14672,3.8018,2.21239
2.20908,4.07985,3.21284,2.85287,2.60673,3.66362,1.99971,2.16058,3.33737,2.17566
2.01418,3.34526,2.99606,2.76107,2.31501,3.43738,2.05839,1.85893,3.00567,1.707
2.03999,2.27089,2.50992,2.65159,2.00175,3.05546,2.09375,1.75981,2.78509,1.77751
1.71028,1.9742,2.08681,2.13917,1.59107,2.70478,1.54483,1.64976,2.2393,1.71131
1.57636,2.22224,2.18209,2.03332,1.45157,3.03213,1.39301,1.29508,2.0331,0.994849
1.62583,2.00991,2.28142,1.99591,1.46162,3.12015,1.20827,1.14872,1.76124,0.812725
1.13344,1.6754,2.1751,1.76476,1.34292,2.63344,0.986163,0.983857,1.74637,0.751127
1.05605,1.4765,1.88369,1.67187,1.03214,2.52747,0.908619,0.967427,1.79629,0.940669
0.89892,1.38879,1.7257,1.47025,1.11499,2.08684,0.704888,0.818413,1.52741,0.529396
0.895756,1.25627,1.66207,1.21156,1.04588,2.09639,0.59335,0.73938,1.49464,0.530742
0.845762,1.21486,1.53578,1.06968,0.803267,2.17518,0.32297,0.73781,1.38824,0.201718
0.744632,0.83189,1.76657,1.0761,0.912362,1.96065,0.395716,0.724162,1.31969,0.187745
0.743073,0.892695,1.48481,0.958225,0.838666,1.59479,0.527908,0.568101,1.30581,0.274262
0.512698,0.829248,1.24603,0.995012,0.702271,1.64698,0.309099,0.540166,1.21624,0.334307
0.398488,0.805577,1.27777,0.844627,0.57142,1.44474,0.306155,0.464534,1.07191,0.218156
0.392526,0.839301,1.17232,0.713695,0.561355,1.42227,0.294126,0.477685,1.14158,0.10407
0.3677,0.682034,1.08185,0.675263,0.528919,1.36613,0.373576,0.451657,1.09858,0.177107
0.377947,0.660509,0.966718,0.65847,0.530323,1.28243,0.266904,0.417195,0.960341,0.235844
0.396991,0.679526,0.960438,0.637795,0.524615,1.16551,0.162856,0.43248,0.88295,0.151754
0.354401,0.746436,0.973083,0.653224,0.571754,1.2563,0.325119,0.35978,0.798763,0.239537
0.379867,0.634354,0.964079,0.615225,0.559739,1.03208,0.222125,0.331639,0.793163,0.159146
0.333124,0.533826,0.958014,0.851918,0.499993,1.0707,0.279177,0.389203,0.777639,0.195011
0.389443,0.568049,0.86297,0.859982,0.534359,1.11025,0.141758,0.379123,0.889385,0.117011
0.401698,0.60012,0.919978,0.992024,0.69594,1.41844,0.283671,0.564038,0.960892,0.183599
0.386442,0.603582,1.07718,1.01695,0.638424,2.21023,0.29973,0.831985,1.21347,0.269324
0.564664,0.68985,1.14754,0.900288,0.695816,2.30176,0.428906,0.637444,1.21141,0.322706
0.579147,0.739722,1.00533,1.07002,0.794893,2.09464,0.273509,0.842631,1.46895,0.317609
0.602019,0.767777,1.0972,1.1253,0.854437,2.00967,0.360435,0.784745,1.53028,0.231198
0.572983,0.932667,1.16354,1.31649,0.983237,2.22051,0.286907,0.53557,1.45655,0.271021
0.747602,1.74499,1.1181,1.22375,1.00259,1.76526,0.600404,0.774099,1.22233,0.462823
0.661232,1.88524,1.08883,1.23174,0.977935,1.82039,0.694833,0.911285,1.27116,0.480723
0.728388,1.93008,1.17636,1.2768,1.0411,1.65697,0.77907,0.932084,1.38253,0.507145
0.729991,2.05051,1.22343,1.38032,1.10603,2.00407,0.692503,0.831681,1.44065,0.555964
0.930192,2.2409,1.35918,1.64361,1.26644,1.96261,0.842297,0.506499,1.52282,0.589773
0.875037,2.46429,1.42255,1.67847,1.2373,2.05983,0.915289,0.746585,1.61895,0.764784
0.905197,2.53078,1.44312,1.9058,1.21417,2.25577,0.969142,0.903373,1.6706,0.678181
0.975827,3.25846,1.74561,2.19048,1.26992,2.46228,1.41247,0.7899,1.9819,0.825517
0.872621,3.18884,1.4863,1.95173,1.24656,2.40277,1.38821,1.26446,1.8794,0.799749
0.940337,3.26288,1.62466,1.82126,1.48693,2.82032,1.19221,1.14529,2.03474,0.719056
1.04872,3.40303,1.91967,2.27691,1.55394,3.2992,1.26776,1.29771,2.31372,1.56999
1.16982,4.54373,2.22379,2.92861,1.84416,3.75623,1.75768,2.0834,2.75818,2.20108
1.41861,6.04479,3.05101,3.37282,2.36953,4.15913,2.69374,1.45497,3.30484,3.83341
1.57644,5.34376,2.70326,2.91179,2.10416,4.03886,2.90667,2.25932,3.07412,3.13245
1.52411,5.07086,2.78742,2.89302,2.11757,4.80185,2.72041,1.90851,2.83778,2.18569
1.73987,5.68166,3.09968,3.68179,2.45039,5.26955,3.46528,2.2668,2.68917,3.4338
2.06524,6.01053,3.42228,3.69188,2.77677,6.10427,4.56991,2.07094,2.9577,2.62424
2.51375,6.49546,3.73339,4.53169,3.40936,8.3701,5.52653,2.27632,3.03987,2.30394
3.19221,6.93759,5.14024,5.11778,3.9176,9.87589,6.35948,2.29134,2.64082,2.05564
3.02522,5.72327,5.20003,5.50453,4.31787,8.79917,4.91892,2.72703,2.45805,1.81174
3.04746,4.74394,5.04643,5.48046,4.26139,8.34112,4.04323,1.62675,2.39562,1.54294
2.24694,3.14868,3.22344,4.52709,3.04485,6.90124,2.82773,1.458,2.21248,1.49038
2.12586,3.07779,3.16441,4.52872,3.31743,6.46666,2.76664,1.441,2.22164,0.968497
2.12868,3.26144,3.37065,3.878,2.99882,5.35945,2.39066,1.13172,2.26487,1.29857
1.93583,3.07912,3.04208,4.68718,2.81307,4.41414,2.04061,1.34752,1.97718,0.936771
2.00149,3.72855,3.18057,3.6751,2.38582,3.68979,1.49354,1.13431,1.98112,0.943473
2.21679,3.7159,2.2263,2.74066,2.08707,3.27296,1.36816,1.11224,1.81326,0.806397
1.79559,3.07639,1.68528,2.18348,1.59399,3.03878,0.972039,0.834582,1.61855,0.685597
1.53009,2.30839,1.4153,1.79914,1.43122,2.88055,0.852059,0.855133,1.6697,0.608783
1.11883,2.37195,1.08681,1.49321,1.28566,2.4434,0.760244,0.949599,1.77879,0.485113
0.927764,2.02877,1.05564,1.28752,1.13294,2.30211,0.746471,1.02515,1.56937,0.698604
0.735565,2.04102,0.881369,1.39615,1.12252,1.66187,0.439723,0.576571,1.4576,0.552315
0.663237,2.05369,0.983731,1.27115,0.93765,2.05313,0.305088,0.758802,1.46965,0.628964
0.575517,1.82629,0.876555,1.19756,0.823691,1.83173,0.159971,0.907504,1.443,0.291204
0.68094,1.95155,1.03431,0.967651,0.785368,1.59942,0.222973,0.593665,1.42575,0.370058
0.581094,1.8512,0.867823,0.878384,0.705786,1.50041,0.225351,0.390797,1.54938,0.246305
0.506065,1.69128,0.763187,0.721797,0.639736,1.37974,0.204266,0.202737,1.24856,0.296349
0.461712,1.83036,0.803839,0.644565,0.659815,1.33582,0.100721,0.490319,1.17378,0.420902
0.433945,1.57032,0.772005,0.603647,0.572332,1.28364,0.264192,0.328928,1.30807,0.269874
0.452428,1.52523,0.780702,0.637539,0.486301,1.2077,0.191394,0.321013,1.22903,0.142951
0.361889,1.38403,0.742163,0.593663,0.559928,1.06283,0.0792569,0.339631,1.06617,0.138835
0.292155,1.4452,0.662374,0.489899,0.553207,1.1619,0.0831066,0.22517,1.04083,0.143399
0.313797,1.45844,0.704218,0.536533,0.559602,1.14309,0.186993,0.191863,0.951545,0.109022
0.303233,1.32634,0.797999,0.476357,0.602327,1.15229,0.174172,0.33984,0.892872,0.364459
0.286054,1.34715,0.586092,0.483647,0.612967,0.96867,0.115888,0.359646,0.912778,0.240377
0.341359,1.15738,0.611163,0.674289,0.637141,1.02289,0.112074,0.326402,1.012,0.126923
0.325429,1.41483,0.623141,0.782784,0.627954,1.66355,0.233776,0.419146,1.26206,0.241729
0.339203,1.32425,0.781271,1.11294,0.724628,1.74834,0.142496,0.714684,1.28077,0.293072
0.289899,1.46271,0.855259,1.17628,0.868354,1.78512,0.396513,0.800955,1.30647,0.222412
0.469752,1.41239,0.755999,0.937823,1.04165,1.75812,0.27963,0.331921,1.57206,0.450716
0.441854,1.50881,0.85242,0.904242,1.11346,1.60371,0.535088,0.427048,1.47989,0.451331
0.467866,1.55442,0.980626,1.02859,1.29017,1.79261,0.54052,0.518725,1.45307,0.378646
0.714489,1.52964,0.926452,1.15704,1.13883,1.91763,0.625799,0.473124,1.76737,0.520871
0.797907,1.63699,0.990782,1.2559,1.16684,2.04769,0.700961,0.559737,1.55246,0.63234
0.796885,1.86708,1.02534,1.25906,1.14011,2.02153,0.832588,0.56036,1.58034,0.799399
0.972133,2.09091,1.1191,1.59472,1.23078,2.23701,0.943455,0.697744,1.72695,0.706956
0.948321,2.41627,1.1806,1.78955,1.22608,2.94144,1.16063,0.696275,2.01706,0.956682
1.08227,2.39732,1.30465,2.12802,1.32897,3.31967,1.25143,0.772473,1.92015,1.00098
1.19375,2.828,1.581,2.22418,1.21085,3.92209,1.40765,0.842594,2.02108,0.929811
1.59658,2.83733,1.64013,2.54255,1.54292,4.11395,1.72814,0.935706,2.17777,1.25088
1.53606,2.97265,1.60673,2.23681,1.59701,4.61822,1.47504,0.949127,2.15808,1.20543
1.6577,3.15216,1.6323,2.5325,1.92288,5.14474,2.05556,1.13022,2.596,1.11517
1.82267,3.59161,1.83916,3.10558,2.18404,7.99198,2.75354,1.32612,3.56156,1.30968
2.24475,4.3243,2.29733,4.62754,3.19187,11.6106,4.32304,1.93549,4.73611,2.15611
2.82739,4.52747,3.53525,5.3309,4.75027,10.4245,7.25157,2.42647,6.93868,4.34775
2.94107,4.93792,3.43385,5.35557,4.41441,11.0059,7.62744,2.55038,6.53023,4.78676
2.86319,5.89362,3.70733,6.64069,4.71296,11.5045,6.72613,2.61857,4.75624,4.15034
3.72799,6.831,4.75691,8.35345,5.06626,11.716,8.3421,2.76747,4.16472,3.86796
4.26588,8.44625,5.97045,9.23174,5.29509,12.7142,8.86645,2.82465,4.03733,3.99004
5.1923,9.84631,7.06078,9.25521,5.65908,12.5047,8.80663,3.24954,4.29233,3.68608
5.78721,10.3506,7.51172,9.00779,5.8077,11.3711,8.74478,3.18167,3.98843,2.95199
5.26147,10.1735,7.34917,6.98828,4.6786,9.56616,7.79645,3.02627,3.89016,2.70056
4.38854,7.36484,5.53973,4.76595,3.79907,7.26319,5.61847,2.93967,3.6801,2.7734
3.41332,4.95815,3.78776,3.08799,2.97213,5.35006,4.01667,2.16326,3.65283,2.38842
2.55242,4.64753,2.89521,2.71229,2.63215,4.27347,3.59271,1.89284,3.43116,1.95807
2.42643,3.6831,2.66651,2.40824,2.30105,3.35348,2.49904,1.60878,3.24312,2.47377
2.08403,3.20794,2.52981,2.04185,2.22336,2.83427,2.73415,1.2732,2.96904,2.21496
2.19066,3.21338,2.47931,2.05329,2.16796,2.95336,1.97997,1.08504,2.74521,1.87625
2.03106,2.90488,1.99038,1.77067,1.76048,2.49171,1.73584,1.12627,2.4076,1.68045
1.89908,2.56448,1.73251,1.49163,1.68205,2.13115,1.29236,0.842282,1.97652,1.15663
1.77098,2.28189,1.49447,1.29232,1.44979,2.12088,0.875072,0.68162,1.96057,1.06773
1.49462,2.18437,1.33781,1.2095,1.36738,2.03449,0.959192,0.786336,2.00626,0.750455
1.34454,2.97661,1.25161,1.19057,1.14788,1.98637,0.485035,0.643685,1.97314,0.752148
0.993134,1.99419,0.886278,0.998856,1.03234,1.92456,0.525801,0.496602,1.84014,0.70532
0.958522,1.95103,0.866576,0.957264,0.941332,1.54811,0.614223,0.544957,1.65748,0.611919
1.35103,2.07015,0.90358,0.943487,0.975639,1.71159,0.669485,0.549032,1.72129,0.538392
0.704539,1.91661,0.923076,0.866142,0.919976,1.52038,0.552918,0.714392,1.64081,0.412262
0.594143,1.51493,1.00452,0.775926,0.775796,1.41077,0.411285,0.427188,1.33959,0.44774
0.670237,1.42361,0.728166,0.647844,0.572249,1.42627,0.36296,0.313905,1.34841,0.452247
0.773475,1.40763,0.689275,0.605189,0.54625,1.25356,0.164442,0.35226,1.62076,0.47953
0.901473,1.28324,0.689769,0.468432,0.557642,1.4386,0.390854,0.288182,1.48215,0.549856
0.502517,1.27543,0.665195,0.601611,0.528661,1.13421,0.248292,0.221924,1.18054,0.458911
0.744742,0.897869,0.65648,0.574884,0.536227,1.18297,0.174719,0.250119,1.03092,0.345018
0.917575,1.10442,0.468338,0.473682,0.574669,0.977369,0.226168,0.206937,0.94885,0.323305
0.503441,0.983368,0.453637,0.522749,0.445023,0.931847,0.13167,0.163283,1.01667,0.367041
0.438464,1.00842,0.471383,0.47859,0.538439,0.982752,0.155556,0.197282,0.939892,0.237159
0.771223,1.09543,0.47077,0.5025,0.472081,1.19503,0.277188,0.250558,1.00877,0.33245
0.522858,1.04028,0.48385,0.706872,0.515979,0.995902,0.248476,0.255081,0.995341,0.293927
0.742772,1.23797,0.620948,0.763744,0.568469,1.31735,0.371052,0.321643,1.00818,0.237899
0.562611,1.16209,0.581021,0.865641,0.664523,1.26283,0.456272,0.34631,1.14666,0.392777
0.710041,1.43392,0.702887,1.09321,0.809583,1.78633,0.701872,0.527411,1.409,0.470784
0.963654,1.54246,0.773528,0.994241,0.94096,1.8517,0.549544,0.388545,1.57658,0.46169
1.1805,1.88829,0.897002,0.997486,1.08804,1.78941,0.521293,0.638062,1.39619,0.55536
0.911966,2.05903,1.04843,1.06629,0.973622,2.05765,0.455528,0.568779,1.39459,0.510904
1.02924,2.3198,1.02812,1.25518,1.08793,2.2649,0.923434,1.53255,1.44443,0.580293
1.10255,2.29007,1.12555,1.35966,1.22036,1.98498,0.955343,1.58808,1.27914,0.732366
1.12557,2.45029,1.30761,1.35897,1.10237,2.14789,0.951639,1.78077,1.40722,0.610549
1.15744,2.58249,1.30534,1.66611,1.30922,2.39362,1.18827,1.72362,1.51164,0.678534
1.06047,2.54382,1.51975,1.80838,1.50637,2.78532,1.61622,1.84919,1.63531,0.719717
1.19684,2.69737,1.63137,1.88899,1.35547,2.83801,1.53307,2.0541,1.79772,0.835845
1.31179,3.398,1.64974,2.09042,1.53348,3.10883,1.12262,2.19946,0.948996,1.00947